## 127.0.0.1:41868 → 127.0.0.1:29301 — subcomando 50 #0 (152 bytes)
0000  05 00 00 00 05 00 00 00 05 00 00 00 05 00 00 00
0010  05 00 00 00 77 00 00 00 31 00 00 00 05 00 00 00
0020  01 00 00 00 00 00 00 40 cd cc 9c 40 00 00 40 40
0030  00 00 a0 40 28 00 00 00 06 00 00 00 0a 00 00 00
0040  16 00 00 00 33 33 73 40 00 00 00 00 00 00 00 00
0050  00 00 00 00 00 00 00 00 00 00 00 00 00 00 00 00
0060  00 00 00 00 00 00 00 00 00 00 00 00 00 00 00 00
0070  01 00 00 00 01 00 00 00 02 00 00 00 02 00 00 00
0080  02 00 00 00 02 00 00 00 02 00 00 00 03 00 00 00
0090  28 00 00 00 00 00 00 00

## 127.0.0.1:41868 → 127.0.0.1:29301 — subcomando 50 #1 (152 bytes)
0000  0a 00 00 00 05 00 00 00 05 00 00 00 05 00 00 00
0010  05 00 00 00 99 00 00 00 3f 00 00 00 05 00 00 00
0020  01 00 00 00 00 00 00 40 cd cc 9c 40 00 00 40 40
0030  00 00 a0 40 28 00 00 00 07 00 00 00 0b 00 00 00
0040  16 00 00 00 33 33 73 40 00 00 00 00 00 00 00 00
0050  00 00 00 00 00 00 00 00 00 00 00 00 00 00 00 00
0060  00 00 00 00 00 00 00 00 00 00 00 00 00 00 00 00
0070  01 00 00 00 01 00 00 00 02 00 00 00 02 00 00 00
0080  02 00 00 00 02 00 00 00 02 00 00 00 03 00 00 00
0090  28 00 00 00 00 00 00 00

## 127.0.0.1:41868 → 127.0.0.1:29301 — subcomando 50 #2 (152 bytes)
0000  0a 00 00 00 05 00 00 00 05 00 00 00 05 00 00 00
0010  05 00 00 00 99 00 00 00 3f 00 00 00 05 00 00 00
0020  01 00 00 00 00 00 00 40 cd cc 9c 40 00 00 40 40
0030  00 00 a0 40 28 00 00 00 03 00 00 00 03 00 00 00
0040  10 00 00 00 33 33 33 40 00 00 00 00 00 00 00 00
0050  00 00 00 00 00 00 00 00 00 00 00 00 00 00 00 00
0060  00 00 00 00 00 00 00 00 00 00 00 00 00 00 00 00
0070  01 00 00 00 01 00 00 00 02 00 00 00 02 00 00 00
0080  02 00 00 00 02 00 00 00 02 00 00 00 03 00 00 00
0090  28 00 00 00 00 00 00 00
