## 127.0.0.1:41868 → 127.0.0.1:29301 — subcomando 43 #0 (258 bytes)
0000  00 20 fc 00 00 00 04 00 00 00 00 00 00 00 03 01
0010  00 00 00 00 00 00 00 00 00 00 01 00 00 00 db a9
0020  44 00 02 00 ff 00 00 00 00 00 00 00 00 00 78 05
0030  00 00 f0 0a 00 00 24 00 02 00 00 00 00 00 00 00
0040  00 00 03 00 00 00 00 00 00 00 00 00 00 00 00 00
0050  00 00 00 00 00 00 00 00 00 00 00 00 00 00 00 00
0060  00 00 00 00 00 00 01 00 00 00 94 1f 00 00 00 00
0070  00 00 00 00 00 00 04 00 00 00 00 00 00 00 02 00
0080  00 00 c7 21 00 00 00 00 00 00 00 00 00 00 01 00
0090  00 00 00 00 10 00 28 00 00 00 0a 00 00 00 98 3a
00a0  00 00 00 00 00 00 03 00 00 00 9a 00 00 00 00 00
00b0  00 00 00 00 00 00 01 00 00 00 21 09 44 00 01 00
00c0  ff 00 05 00 00 00 00 00 05 00 b0 04 00 00 60 09
00d0  00 00 24 00 02 00 01 00 00 00 00 00 00 00 00 00
00e0  00 00 00 00 00 00 06 00 00 00 06 00 00 00 06 00
00f0  00 00 00 00 00 00 00 00 00 00 00 00 00 00 00 00
0100  00 00

## 127.0.0.1:41868 → 127.0.0.1:29301 — subcomando 43 #1 (110 bytes)
0000  01 16 68 00 00 00 01 00 00 00 00 00 00 00 d2 08
0010  00 00 00 00 00 00 00 00 00 00 01 00 00 00 60 eb
0020  4c 00 01 00 ff 00 05 00 00 00 05 00 00 00 10 0c
0030  00 00 80 0c 00 00 2c 00 03 00 00 00 00 00 09 00
0040  00 00 00 00 00 00 00 00 00 00 04 00 00 00 08 00
0050  00 00 00 00 00 00 00 00 00 00 16 00 00 00 00 00
0060  60 40 00 00 00 00 00 00 00 00 00 00 00 00

## 127.0.0.1:41868 → 127.0.0.1:29301 — subcomando 43 #2 (1170 bytes)
0000  00 20 8c 04 00 00 15 00 00 00 00 00 00 00 2a 0d
0010  00 00 00 00 00 00 00 00 00 00 02 00 00 00 00 00
0020  00 00 01 00 00 00 60 3e 00 00 00 00 00 00 00 00
0030  00 00 01 00 00 00 d0 5b 70 00 01 00 ff 00 14 00
0040  00 00 14 00 14 00 30 75 00 00 30 75 00 00 2c 00
0050  04 08 46 00 41 00 52 00 4d 00 01 00 00 00 0d 00
0060  00 00 0d 00 00 00 62 21 00 00 dc 05 00 00 ac 0d
0070  00 00 dc 05 00 00 ac 0d 00 00 1c 00 00 00 00 00
0080  c8 41 00 00 a0 40 01 00 00 00 00 00 00 00 03 00
0090  00 00 8d 25 00 00 04 00 00 00 a5 21 00 00 02 00
00a0  00 00 c5 25 00 00 0f 00 00 00 02 00 00 00 5c 3e
00b0  00 00 00 00 00 00 00 00 00 00 01 00 00 00 0b f7
00c0  70 00 01 00 ff 00 14 00 00 00 14 00 14 00 20 75
00d0  00 00 30 75 00 00 2c 00 04 08 46 00 41 00 52 00
00e0  4d 00 00 00 00 00 05 00 00 00 0d 00 00 00 00 00
00f0  00 00 67 04 00 00 05 0c 00 00 1a 04 00 00 b8 0b
0100  00 00 10 00 00 00 00 00 c0 40 00 00 00 00 01 00
0110  00 00 00 00 00 00 03 00 00 00 d9 21 00 00 01 00
0120  00 00 f0 23 00 00 4d 00 00 00 29 25 00 00 c6 00
0130  00 00 03 00 00 00 14 12 00 00 00 00 00 00 00 00
0140  00 00 01 00 00 00 46 d8 60 00 23 00 40 00 17 00
0150  00 00 69 00 00 00 ca 0e 00 00 b0 1d 00 00 2c 00
0160  00 00 01 00 00 00 0d 00 00 00 05 00 00 00 63 21
0170  00 00 ef 00 00 00 2c 02 00 00 00 00 00 00 00 00
0180  00 00 20 00 00 00 00 00 a0 41 00 00 b0 40 01 00
0190  00 00 00 00 00 00 02 00 00 00 5b 24 00 00 02 00
01a0  00 00 51 24 00 00 03 00 00 00 04 00 00 00 6d 20
01b0  00 00 00 00 00 00 00 00 00 00 01 00 00 00 ac 9f
01c0  68 00 2a 00 40 00 17 00 00 00 82 00 00 00 f8 2a
01d0  00 00 f8 2a 00 00 2c 00 02 00 01 00 00 00 0d 00
01e0  00 00 07 00 00 00 64 21 00 00 b9 01 00 00 7f 02
01f0  00 00 00 00 00 00 00 00 00 00 1b 00 00 00 00 00
0200  a0 41 00 00 90 40 01 00 00 00 00 00 00 00 03 00
0210  00 00 a4 21 00 00 01 00 00 00 16 23 00 00 2e 00
0220  00 00 58 24 00 00 06 00 00 00 05 00 00 00 20 03
0230  00 00 00 00 00 00 00 00 00 00 12 00 00 00 00 00
0240  00 00 06 00 00 00 0e 04 00 00 00 00 00 00 00 00
0250  00 00 14 03 00 00 8a a0 34 00 00 00 ff ff 00 00
0260  00 00 00 00 00 00 64 00 00 00 64 00 00 00 14 00
0270  00 00 63 21 00 00 03 00 00 00 00 00 00 00 01 00
0280  00 00 0f 00 00 00 00 00 00 00 00 00 00 00 07 00
0290  00 00 46 14 00 00 00 00 00 00 00 00 00 00 01 00
02a0  00 00 ff c8 54 00 26 00 ff 00 00 00 00 00 00 00
02b0  00 00 a7 12 00 00 80 25 00 00 24 00 00 00 00 00
02c0  00 00 26 00 00 00 00 00 00 00 00 00 00 00 00 00
02d0  00 00 00 00 00 00 00 00 00 00 00 00 00 00 00 00
02e0  00 00 00 00 00 00 02 00 00 00 76 23 00 00 05 00
02f0  00 00 46 24 00 00 02 00 00 00 08 00 00 00 c6 3a
0300  00 00 00 00 00 00 00 00 00 00 01 00 00 00 00 00
0310  00 00 09 00 00 00 26 0d 00 00 00 00 00 00 00 00
0320  00 00 01 00 00 00 00 00 00 00 0a 00 00 00 c8 2b
0330  00 00 00 00 00 00 00 00 00 00 32 00 00 00 00 00
0340  00 00 0b 00 00 00 c9 3a 00 00 00 00 00 00 00 00
0350  00 00 01 00 00 00 00 00 00 00 0c 00 00 00 32 0e
0360  00 00 00 00 00 00 00 00 00 00 08 00 00 00 00 00
0370  18 00 01 00 00 00 29 22 00 00 03 00 00 00 01 00
0380  00 00 2d 22 00 00 05 00 00 00 0d 00 00 00 01 0c
0390  00 00 00 00 00 00 00 00 00 00 01 00 00 00 00 00
03a0  00 00 0e 00 00 00 a6 32 00 00 00 00 00 00 00 00
03b0  00 00 01 00 00 00 00 00 00 00 0f 00 00 00 de 31
03c0  00 00 00 00 00 00 00 00 00 00 01 00 00 00 00 00
03d0  00 00 10 00 00 00 e0 31 00 00 00 00 00 00 00 00
03e0  00 00 01 00 00 00 00 00 00 00 11 00 00 00 a6 21
03f0  00 00 00 00 00 00 00 00 00 00 0a 00 00 00 00 00
0400  10 00 e8 03 00 00 0a 00 00 00 98 3a 00 00 3c 00
0410  00 00 12 00 00 00 c4 21 00 00 00 00 00 00 00 00
0420  00 00 0a 00 00 00 00 00 10 00 e2 04 00 00 0a 00
0430  00 00 98 3a 00 00 3c 00 00 00 13 00 00 00 08 19
0440  00 00 00 00 00 00 00 00 00 00 01 00 00 00 00 00
0450  18 00 01 00 00 00 bc 24 00 00 64 00 00 00 01 00
0460  00 00 bd 24 00 00 8c 00 00 00 14 00 00 00 6f 1f
0470  00 00 00 00 00 00 00 00 00 00 03 00 00 00 00 00
0480  10 00 d0 02 00 00 d0 02 00 00 60 ea 00 00 28 00
0490  00 00
